2716.72	2694.48	2687.36	2676.96	2666.16	2654.88	2661.6	2645.76	2628.4	2622.4	2630.72	2625.76	2615.6	2617.84	2609.12	2611.28	2609.12	2621.2	2625.04	2619.92	2632.24	2646	2669.44	2681.44	2747.68	2794.96	2836.24	2851.52	2883.84	2876.08	2879.04	2810.56	2792.24	2806.96	2792.96	2752.24	2727.04	2696.96	2692.88	2663.92	2659.2	2634.8	2631.76	2637.84	2650.08	2659.52	2676.88	2650.24	2629.76	2593.12	2551.76	2545.92	2517.92	2516.8	2514	2529.2	2538.4	2555.44	2567.76	2574.88	2583.76	2593.84	2615.2	2631.12	2681.44	2707.36	2754.24	2790.32	2832.08	2856.32	2890.32	2902.8	2908.24	2894.56	2895.92	2927.04	2956.56	2975.6	2967.84	2941.44	2936.64	2931.68	2918.96	2899.92	2884.8	2857.44	2822.48	2804.72	2786.72	2737.04	2740.72	2710.72	2718.88	2700.96	2691.84	2670.88

35	34	33	31	30	29	27	26	25	24	22	21	20	19	17	14	11	9	7	6	6	6	6	6	6	6	6	5	5	5	5	5	6	6	8	10	13	15	16	16	16	16	15	15	16	16	17	19	19	19	19	20	20	21	21	22	23	23	23	24	24	24	24	24	23	23	22	21	20	19	18	17	17	16	15	15	16	16	16	16	16	16	16	16	16	16	16	16	16	16	16	16	16	16	16	26
41	39	38	36	33	30	28	25	24	22	21	19	16	13	12	11	11	11	12	12	12	11	11	10	8	4	3	3	3	4	5	7	8	7	9	9	10	11	12	11	12	12	12	12	12	12	12	15	15	15	16	16	17	18	20	24	27	28	28	28	28	27	26	26	25	23	22	21	20	19	18	17	16	16	15	14	16	16	16	16	16	16	16	16	16	16	16	16	16	16	16	16	16	16	16	30
30	28	27	25	24	23	22	21	20	19	18	17	15	14	12	10	9	8	7	6	6	6	7	8	11	13	13	14	17	19	23	26	28	26	28	28	29	30	32	29	29	30	28	28	28	25	22	21	21	20	21	23	25	27	30	32	34	36	38	39	40	40	40	40	40	38	37	36	34	31	28	26	23	21	18	17	16	16	16	16	16	16	16	16	16	16	16	16	16	16	16	16	16	16	16	23
19	19	19	20	20	20	21	21	21	21	20	20	20	19	19	19	19	19	20	20	20	20	19	19	20	20	20	20	20	20	19	19	18	16	18	18	19	19	20	17	17	18	17	19	21	21	21	24	25	25	24	24	24	23	23	22	22	21	21	20	20	19	19	18	18	17	17	16	15	15	14	13	12	11	10	9	16	16	16	16	16	16	16	16	16	16	16	16	16	16	16	16	16	16	16	14
17	17	18	18	20	20	21	21	20	20	20	19	19	19	19	18	18	16	15	13	11	9	7	7	6	7	7	7	7	7	7	7	8	8	9	10	11	12	13	12	12	11	11	12	13	14	14	17	18	18	19	20	20	20	20	21	20	20	20	20	19	19	19	18	18	17	17	17	16	16	16	16	15	15	15	15	16	16	16	16	16	16	16	16	16	16	16	16	16	16	16	16	16	16	16	9
4	4	4	4	5	5	5	5	5	5	5	5	5	5	5	4	4	4	4	3	3	2	2	2	1	2	2	2	2	2	2	2	2	2	2	2	3	3	3	3	2	2	3	3	3	3	4	5	4	4	5	5	5	5	5	5	5	5	5	5	5	5	5	4	4	4	4	4	4	4	4	4	4	4	4	4	8	8	8	8	8	8	8	8	8	8	8	8	8	8	8	8	8	8	8	2
47	53	55	55	57	59	59	60	60	60	60	60	60	60	59	58	57	56	53	49	40	26	18	14	13	12	12	12	12	12	12	12	13	12	12	12	11	9	8	6	6	5	5	5	5	5	7	11	10	13	15	19	22	26	29	31	33	33	33	33	33	32	31	30	28	26	24	22	20	17	15	14	14	14	15	15	16	16	16	16	16	16	16	16	16	16	16	16	16	16	16	16	16	16	16	40
13	13	13	13	15	16	17	18	18	19	19	20	20	21	21	22	23	23	24	24	25	25	25	24	24	23	22	22	22	22	23	24	25	25	28	29	29	28	27	22	21	20	17	19	19	20	20	23	24	24	24	25	25	24	24	24	24	23	23	22	22	21	21	20	19	19	18	18	17	16	16	15	15	15	15	15	16	16	16	16	16	16	16	16	16	16	16	16	16	16	16	16	16	16	16	8
52	47	41	36	32	31	29	27	23	19	17	14	13	12	11	11	10	11	11	12	12	12	12	12	12	13	14	16	18	19	22	24	25	22	23	22	20	16	13	10	7	7	6	6	7	7	8	12	12	13	14	15	15	15	15	15	14	14	13	12	11	11	10	10	9	9	9	8	8	8	7	7	6	5	4	4	16	16	16	16	16	16	16	16	16	16	16	16	16	16	16	16	16	16	16	2
18	18	18	18	18	18	18	18	19	22	26	30	32	33	33	34	33	32	32	31	31	31	29	27	26	28	28	27	27	27	28	28	29	28	32	33	34	35	36	32	32	32	29	32	34	33	33	35	38	37	37	36	35	35	35	34	34	33	33	33	32	31	31	30	29	29	28	28	27	27	27	26	26	25	23	23	16	16	16	16	16	16	16	16	16	16	16	16	16	16	16	16	16	16	16	13
0	4	11	19	25	28	29	29	29	29	30	31	31	31	31	32	32	31	31	30	31	32	33	33	33	33	33	33	34	36	37	37	35	30	32	30	30	31	31	28	27	27	25	28	30	31	32	34	39	39	39	39	38	37	36	35	34	32	31	30	29	27	25	24	22	20	18	17	16	14	13	13	12	12	11	11	16	16	16	16	16	16	16	16	16	16	16	16	16	16	16	16	16	16	16	0
26	26	26	26	26	26	26	26	26	26	26	26	26	26	26	26	26	26	22	21	21	21	18	18	19	24	24	25	21	22	23	24	26	25	29	31	32	33	35	31	31	31	29	32	34	33	33	35	39	38	37	36	36	35	35	35	34	34	33	33	32	31	30	29	29	28	27	26	26	26	26	25	25	25	25	26	16	16	16	16	16	16	16	16	16	16	16	16	16	16	16	16	16	16	16	16
46	42	40	38	36	34	31	30	28	26	24	22	22	54	41	10	2	9	12	17	21	23	25	26	29	32	35	38	42	45	48	51	54	53	62	66	69	71	72	63	61	59	55	59	65	68	70	69	72	71	77	86	91	91	91	89	87	85	83	81	78	76	73	70	68	65	63	61	59	57	55	54	53	52	51	50	24	24	24	24	24	24	24	24	24	24	24	24	24	24	24	24	24	24	24	36
29	30	31	33	35	37	39	41	43	45	46	48	48	45	41	35	30	26	24	22	21	20	20	19	19	19	19	19	19	19	19	19	19	17	19	18	18	17	17	14	12	12	11	11	11	10	11	13	12	12	12	13	13	14	15	15	16	17	18	19	21	22	23	24	24	25	25	25	25	24	24	23	22	22	21	20	16	16	16	16	16	16	16	16	16	16	16	16	16	16	16	16	16	16	16	19
34	34	34	34	34	34	34	34	33	32	32	31	29	27	25	24	23	24	26	27	28	28	28	27	27	26	26	26	25	25	26	26	26	25	28	29	29	29	29	24	22	21	18	18	18	16	16	17	17	17	17	17	17	17	18	18	18	18	18	19	19	20	20	20	21	21	21	22	22	22	22	22	22	22	21	19	16	16	16	16	16	16	16	16	16	16	16	16	16	16	16	16	16	16	16	24
38	39	38	36	31	24	20	17	16	15	14	14	13	14	14	13	13	13	13	13	13	13	13	12	12	12	11	11	10	10	10	9	9	8	10	10	10	10	10	9	8	8	8	10	10	10	12	14	13	13	13	13	13	14	14	14	15	15	15	16	16	17	17	17	18	18	19	19	19	19	19	20	20	19	19	18	16	16	16	16	16	16	16	16	16	16	16	16	16	16	16	16	16	16	16	26
15	15	15	16	16	16	16	16	17	18	21	25	30	31	29	8	7	7	6	6	5	5	4	4	3	3	3	3	3	3	3	3	2	3	3	3	3	3	3	3	2	2	2	2	2	2	2	4	2	2	2	2	2	2	2	2	2	2	2	2	2	2	2	3	3	3	4	4	4	3	3	3	3	4	4	5	10	10	10	10	10	10	10	10	10	10	10	10	10	10	10	10	10	10	10	10
29	31	33	34	35	35	35	34	33	31	29	27	25	22	17	12	9	8	7	6	5	5	5	5	5	5	4	4	4	3	3	2	2	2	2	2	2	2	2	2	2	2	2	2	2	2	2	3	2	2	2	2	2	2	2	2	3	3	3	3	3	2	3	3	3	3	3	3	4	3	4	4	4	5	7	8	8	8	8	8	8	8	8	8	8	8	8	8	8	8	8	8	8	8	8	19
23	23	24	24	24	24	24	23	23	22	21	19	18	15	11	8	6	5	4	4	4	4	5	5	5	6	6	6	6	6	6	6	6	5	7	7	7	7	7	6	6	6	5	6	6	6	7	9	7	7	7	7	8	9	10	11	12	12	12	11	10	9	9	9	9	9	9	9	8	8	8	7	6	4	4	4	16	16	16	16	16	16	16	16	16	16	16	16	16	16	16	16	16	16	16	16
18	18	19	19	22	22	22	22	25	27	28	29	30	29	27	25	24	24	24	24	24	23	22	21	21	20	22	29	29	30	31	32	32	29	30	29	28	29	29	26	26	27	26	29	33	34	36	39	44	44	43	41	39	37	36	34	33	32	30	28	26	23	20	19	18	17	16	16	15	15	15	14	14	14	14	15	16	16	16	16	16	16	16	16	16	16	16	16	16	16	16	16	16	16	16	11
63	62	60	59	65	65	66	66	66	66	65	64	64	63	62	60	59	58	56	54	53	53	52	51	50	47	45	42	38	34	30	26	22	16	14	11	9	8	7	5	5	5	5	5	6	6	7	11	10	10	10	11	11	11	11	12	12	12	12	12	12	11	11	11	11	11	11	11	11	10	10	10	10	9	9	9	16	16	16	16	16	16	16	16	16	16	16	16	16	16	16	16	16	16	16	37
129	135	142	148	146	147	148	148	148	147	145	142	138	133	126	120	112	105	98	91	84	77	71	65	60	56	52	47	44	40	36	32	28	23	22	19	16	15	14	10	10	10	9	10	10	11	12	16	16	17	18	19	19	19	20	20	21	21	22	22	23	24	24	25	26	26	27	27	28	27	27	27	27	26	26	26	16	16	16	16	16	16	16	16	16	16	16	16	16	16	16	16	16	16	16	91

373	354	354	361	363	350	346	350	351	360	357	348	349	350	366	354	395	393	401	409	416	407	419	429	420	437	449	457	427	409	388	369	390	408	399	373	377	371	347	340	345	355	352	342	328	329	342	344	369	377	373	358	356	351	342	334	336	351	354	361	353	351	340	346	325	336	339	349	419	435	498	525	477	458	464	480	455	456	461	485	502	511	506	488	397	397	412	326	332	326	318	336	360	352	341	328
373	354	354	361	363	350	346	350	351	360	357	348	349	350	366	354	395	393	401	409	416	407	419	429	420	437	449	457	427	409	388	369	390	408	399	373	377	371	347	340	345	355	352	342	328	329	342	344	369	377	373	358	356	351	342	334	336	351	354	361	353	351	340	346	325	336	339	349	419	435	498	525	477	458	464	480	455	456	461	485	502	511	506	488	397	397	412	326	332	326	318	336	360	352	341	328
0	0	0	0	0	0	0	0	0	0	0	0	0	0	0	0	0	0	0	0	0	0	0	0	0	0	0	0	0	0	0	0	0	0	0	0	0	0	0	0	0	0	0	0	0	0	0	0	0	0	0	0	0	0	0	0	0	0	0	0	0	0	0	0	0	0	0	0	0	0	0	0	0	0	0	0	0	0	0	0	0	0	0	0	0	0	0	0	0	0	0	0	0	0	0	0
373	354	354	361	363	350	346	350	351	360	357	348	349	350	366	354	395	393	401	409	416	407	419	429	420	437	449	457	427	409	388	369	390	408	399	373	377	371	347	340	345	355	352	342	328	329	342	344	369	377	373	358	356	351	342	334	336	351	354	361	353	351	340	346	325	336	339	349	419	435	498	525	477	458	464	480	455	456	461	485	502	511	506	488	397	397	412	326	332	326	318	336	360	352	341	328
373	354	354	361	363	350	346	350	351	360	357	348	349	350	366	354	395	393	401	409	416	407	419	429	420	437	449	457	427	409	388	369	390	408	399	373	377	371	347	340	345	355	352	342	328	329	342	344	369	377	373	358	356	351	342	334	336	351	354	361	353	351	340	346	325	336	339	349	419	435	498	525	477	458	464	480	455	456	461	485	502	511	506	488	397	397	412	326	332	326	318	336	360	352	341	328
0	0	0	0	0	0	0	0	0	0	0	0	0	0	0	0	0	0	0	0	0	0	0	0	0	0	0	0	0	0	0	0	0	0	0	0	0	0	0	0	0	0	0	0	0	0	0	0	0	0	0	0	0	0	0	0	0	0	0	0	0	0	0	0	0	0	0	0	0	0	0	0	0	0	0	0	0	0	0	0	0	0	0	0	0	0	0	0	0	0	0	0	0	0	0	0
90	80	80	80	80	80	80	80	80	80	80	80	80	80	80	80	100	100	110	110	110	110	130	140	140	140	140	160	160	160	160	180	140	140	140	140	140	140	140	140	140	120	140	140	200	200	200	200	200	200	160	120	120	120	120	120	120	120	120	120	80	80	80	80	160	200	220	200	220	220	220	220	220	220	220	220	220	220	220	220	220	220	200	200	200	200	200	200	200	200	200	200	200	200	160	120
90	80	80	80	80	80	80	80	80	80	80	80	80	80	80	80	100	100	110	110	110	110	130	140	140	140	140	160	160	160	160	180	140	140	140	140	140	140	140	140	140	120	140	140	200	200	200	200	200	200	160	120	120	120	120	120	120	120	120	120	80	80	80	80	160	200	220	200	220	220	220	220	220	220	220	220	220	220	220	220	220	220	200	200	200	200	200	200	200	200	200	200	200	200	160	120
90	80	80	80	80	80	80	80	80	80	80	80	80	80	80	80	100	100	110	110	110	110	130	140	140	140	140	160	160	160	160	180	140	140	140	140	140	140	140	140	140	120	140	140	200	200	200	200	200	200	160	120	120	120	120	120	120	120	120	120	80	80	80	80	160	200	220	200	220	220	220	220	220	220	220	220	220	220	220	220	220	220	200	200	200	200	200	200	200	200	200	200	200	200	160	120
90	80	80	80	80	80	80	80	80	80	80	80	80	80	80	80	100	100	110	110	110	110	130	140	140	140	140	160	160	160	160	180	140	140	140	140	140	140	140	140	140	120	140	140	200	200	200	200	200	200	160	120	120	120	120	120	120	120	120	120	80	80	80	80	160	200	220	200	220	220	220	220	220	220	220	220	220	220	220	220	220	220	200	200	200	200	200	200	200	200	200	200	200	200	160	120
90	80	80	80	80	80	80	80	80	80	80	80	80	80	80	80	100	100	110	110	110	110	130	140	140	140	140	160	160	160	160	180	140	140	140	140	140	140	140	140	140	120	140	140	200	200	200	200	200	200	160	120	120	120	120	120	120	120	120	120	80	80	80	80	160	200	220	200	220	220	220	220	220	220	220	220	220	220	220	220	220	220	200	200	200	200	200	200	200	200	200	200	200	200	160	120
160	160	160	160	160	160	160	160	160	160	160	160	160	160	160	160	160	160	160	160	160	160	160	160	180	180	180	180	180	180	180	180	160	160	160	160	160	160	160	160	160	160	160	160	160	160	160	160	160	160	160	160	160	160	160	160	160	160	160	160	160	160	160	160	160	160	160	160	160	160	160	160	180	180	180	180	180	180	180	180	180	180	180	180	180	180	180	180	160	160	160	160	160	160	160	160
160	160	160	160	160	160	160	160	160	160	160	160	160	160	160	160	160	160	160	160	160	160	160	160	180	180	180	180	180	180	180	180	160	160	160	160	160	160	160	160	160	160	160	160	160	160	160	160	160	160	160	160	160	160	160	160	160	160	160	160	160	160	160	160	160	160	160	160	160	160	160	160	180	180	180	180	180	180	180	180	180	180	180	180	180	180	180	180	160	160	160	160	160	160	160	160
160	160	160	160	160	160	160	160	160	160	160	160	160	160	160	160	160	160	160	160	160	160	160	160	180	180	180	180	180	180	180	180	160	160	160	160	160	160	160	160	160	160	160	160	160	160	160	160	160	160	160	160	160	160	160	160	160	160	160	160	160	160	160	160	160	160	160	160	160	160	160	160	180	180	180	180	180	180	180	180	180	180	180	180	180	180	180	180	160	160	160	160	160	160	160	160
160	160	160	160	160	160	160	160	160	160	160	160	160	160	160	160	160	160	160	160	160	160	160	160	180	180	180	180	180	180	180	180	160	160	160	160	160	160	160	160	160	160	160	160	160	160	160	160	160	160	160	160	160	160	160	160	160	160	160	160	160	160	160	160	160	160	160	160	160	160	160	160	180	180	180	180	180	180	180	180	180	180	180	180	180	180	180	180	160	160	160	160	160	160	160	160
160	160	160	160	160	160	160	160	160	160	160	160	160	160	160	160	160	160	160	160	160	160	160	160	180	180	180	180	180	180	180	180	160	160	160	160	160	160	160	160	160	160	160	160	160	160	160	160	160	160	160	160	160	160	160	160	160	160	160	160	160	160	160	160	160	160	160	160	160	160	160	160	180	180	180	180	180	180	180	180	180	180	180	180	180	180	180	180	160	160	160	160	160	160	160	160
225	225	225	225	225	225	225	225	225	225	225	225	225	225	225	225	225	225	225	225	225	225	225	225	250	250	250	250	250	250	250	250	225	225	225	225	225	225	225	225	225	225	225	225	225	225	225	225	225	225	225	225	225	225	225	225	225	225	225	225	225	225	225	225	225	225	225	225	225	225	225	225	275	275	275	275	275	275	275	275	250	250	250	250	250	250	250	250	225	225	225	225	225	225	225	225
225	225	225	225	225	225	225	225	225	225	225	225	225	225	225	225	225	225	225	225	225	225	225	225	250	250	250	250	250	250	250	250	225	225	225	225	225	225	225	225	225	225	225	225	225	225	225	225	225	225	225	225	225	225	225	225	225	225	225	225	225	225	225	225	225	225	225	225	225	225	225	225	275	275	275	275	275	275	275	275	250	250	250	250	250	250	250	250	225	225	225	225	225	225	225	225
225	225	225	225	225	225	225	225	225	225	225	225	225	225	225	225	225	225	225	225	225	225	225	225	250	250	250	250	250	250	250	250	225	225	225	225	225	225	225	225	225	225	225	225	225	225	225	225	225	225	225	225	225	225	225	225	225	225	225	225	225	225	225	225	225	225	225	225	225	225	225	225	275	275	275	275	275	275	275	275	250	250	250	250	250	250	250	250	225	225	225	225	225	225	225	225
225	225	225	225	225	225	225	225	225	225	225	225	225	225	225	225	225	225	225	225	225	225	225	225	250	250	250	250	250	250	250	250	225	225	225	225	225	225	225	225	225	225	225	225	225	225	225	225	225	225	225	225	225	225	225	225	225	225	225	225	225	225	225	225	225	225	225	225	225	225	225	225	275	275	275	275	275	275	275	275	250	250	250	250	250	250	250	250	225	225	225	225	225	225	225	225
267	267	267	267	267	267	267	267	267	267	267	267	267	267	267	267	267	267	267	267	267	267	267	267	300	300	300	300	300	300	300	300	267	267	267	267	267	267	267	267	267	267	267	267	267	267	267	267	267	267	267	267	267	267	267	267	267	267	267	267	267	267	267	267	267	267	267	267	267	267	267	267	300	300	300	300	300	300	300	300	300	300	300	300	300	300	300	300	267	267	267	267	267	267	267	267
267	267	267	267	267	267	267	267	267	267	267	267	267	267	267	267	267	267	267	267	267	267	267	267	300	300	300	300	300	300	300	300	267	267	267	267	267	267	267	267	267	267	267	267	267	267	267	267	267	267	267	267	267	267	267	267	267	267	267	267	267	267	267	267	267	267	267	267	267	267	267	267	300	300	300	300	300	300	300	300	300	300	300	300	300	300	300	300	267	267	267	267	267	267	267	267
267	267	267	267	267	267	267	267	267	267	267	267	267	267	267	267	267	267	267	267	267	267	267	267	300	300	300	300	300	300	300	300	267	267	267	267	267	267	267	267	267	267	267	267	267	267	267	267	267	267	267	267	267	267	267	267	267	267	267	267	267	267	267	267	267	267	267	267	267	267	267	267	300	300	300	300	300	300	300	300	300	300	300	300	300	300	300	300	267	267	267	267	267	267	267	267
225	225	225	225	225	225	225	225	225	225	225	225	225	225	225	225	250	250	250	250	250	250	250	250	250	250	250	250	250	250	250	250	225	225	225	225	225	225	225	225	225	225	225	225	225	225	225	225	225	225	225	225	225	225	225	225	225	225	225	225	225	225	225	225	250	250	250	250	250	250	250	250	275	275	275	275	275	275	275	275	250	250	250	250	250	250	250	250	225	225	225	225	225	225	225	225
225	225	225	225	225	225	225	225	225	225	225	225	225	225	225	225	250	250	250	250	250	250	250	250	250	250	250	250	250	250	250	250	225	225	225	225	225	225	225	225	225	225	225	225	225	225	225	225	225	225	225	225	225	225	225	225	225	225	225	225	225	225	225	225	250	250	250	250	250	250	250	250	275	275	275	275	275	275	275	275	250	250	250	250	250	250	250	250	225	225	225	225	225	225	225	225
225	225	225	225	225	225	225	225	225	225	225	225	225	225	225	225	250	250	250	250	250	250	250	250	250	250	250	250	250	250	250	250	225	225	225	225	225	225	225	225	225	225	225	225	225	225	225	225	225	225	225	225	225	225	225	225	225	225	225	225	225	225	225	225	250	250	250	250	250	250	250	250	275	275	275	275	275	275	275	275	250	250	250	250	250	250	250	250	225	225	225	225	225	225	225	225
225	225	225	225	225	225	225	225	225	225	225	225	225	225	225	225	250	250	250	250	250	250	250	250	250	250	250	250	250	250	250	250	225	225	225	225	225	225	225	225	225	225	225	225	225	225	225	225	225	225	225	225	225	225	225	225	225	225	225	225	225	225	225	225	250	250	250	250	250	250	250	250	275	275	275	275	275	275	275	275	250	250	250	250	250	250	250	250	225	225	225	225	225	225	225	225
57	57	57	57	57	57	57	57	57	57	57	57	57	57	57	57	57	57	57	57	57	57	57	57	57	57	57	57	57	57	57	57	57	57	57	57	57	57	57	57	57	57	57	57	57	57	57	57	57	57	57	57	57	57	57	57	57	57	57	57	57	57	57	57	57	57	57	57	57	57	57	57	57	57	57	57	57	57	57	57	57	57	57	57	57	57	57	57	57	57	57	57	57	57	57	57
57	57	57	57	57	57	57	57	57	57	57	57	57	57	57	57	57	57	57	57	57	57	57	57	57	57	57	57	57	57	57	57	57	57	57	57	57	57	57	57	57	57	57	57	57	57	57	57	57	57	57	57	57	57	57	57	57	57	57	57	57	57	57	57	57	57	57	57	57	57	57	57	57	57	57	57	57	57	57	57	57	57	57	57	57	57	57	57	57	57	57	57	57	57	57	57
57	57	57	57	57	57	57	57	57	57	57	57	57	57	57	57	57	57	57	57	57	57	57	57	57	57	57	57	57	57	57	57	57	57	57	57	57	57	57	57	57	57	57	57	57	57	57	57	57	57	57	57	57	57	57	57	57	57	57	57	57	57	57	57	57	57	57	57	57	57	57	57	57	57	57	57	57	57	57	57	57	57	57	57	57	57	57	57	57	57	57	57	57	57	57	57
162	162	162	162	162	162	162	162	162	162	162	162	162	162	162	162	162	162	162	162	155	162	162	175	175	175	175	188	188	188	188	188	188	188	188	188	188	188	188	188	188	188	188	188	188	188	188	188	188	188	188	188	188	188	188	188	188	188	188	188	188	188	188	188	188	188	188	188	188	188	188	188	188	188	188	188	188	188	188	188	188	188	188	188	188	188	188	188	188	188	188	188	188	175	175	175
162	162	162	162	162	162	162	162	162	162	162	162	162	162	162	162	162	162	162	162	155	162	162	175	175	175	175	188	188	188	188	188	188	188	188	188	188	188	188	188	188	188	188	188	188	188	188	188	188	188	188	188	188	188	188	188	188	188	188	188	188	188	188	188	188	188	188	188	188	188	188	188	188	188	188	188	188	188	188	188	188	188	188	188	188	188	188	188	188	188	188	188	188	175	175	175
162	162	162	162	162	162	162	162	162	162	162	162	162	162	162	162	162	162	162	162	155	162	162	175	175	175	175	188	188	188	188	188	188	188	188	188	188	188	188	188	188	188	188	188	188	188	188	188	188	188	188	188	188	188	188	188	188	188	188	188	188	188	188	188	188	188	188	188	188	188	188	188	188	188	188	188	188	188	188	188	188	188	188	188	188	188	188	188	188	188	188	188	188	175	175	175
162	162	162	162	162	162	162	162	162	162	162	162	162	162	162	162	162	162	162	162	155	162	162	175	175	175	175	188	188	188	188	188	188	188	188	188	188	188	188	188	188	188	188	188	188	188	188	188	188	188	188	188	188	188	188	188	188	188	188	188	188	188	188	188	188	188	188	188	188	188	188	188	188	188	188	188	188	188	188	188	188	188	188	188	188	188	188	188	188	188	188	188	188	175	175	175
40	40	40	40	40	40	40	40	40	40	40	40	40	40	40	40	40	40	40	40	40	40	40	40	40	40	40	40	40	40	40	40	40	40	40	40	40	40	40	40	40	40	40	40	40	40	40	40	40	40	40	40	40	40	40	40	40	40	40	40	40	40	40	40	40	40	40	40	40	40	40	40	40	40	40	40	40	40	40	40	40	40	40	40	40	40	40	40	40	40	40	40	40	40	40	40
40	40	40	40	40	40	40	40	40	40	40	40	40	40	40	40	40	40	40	40	40	40	40	40	40	40	40	40	40	40	40	40	40	40	40	40	40	40	40	40	30	30	30	30	30	30	30	30	30	30	30	30	30	30	30	30	30	30	30	30	30	30	30	30	30	30	30	30	30	30	30	30	30	30	30	30	30	30	30	30	30	30	30	30	30	30	30	30	30	30	30	30	30	30	30	30
40	40	40	40	40	40	40	40	40	40	40	40	40	40	40	40	40	40	40	40	40	40	40	40	40	40	40	40	40	40	40	40	40	40	40	40	40	40	35	35	35	35	35	35	35	35	35	35	35	35	35	35	35	35	35	35	35	35	35	35	35	35	35	35	35	35	35	35	35	35	35	35	40	40	40	40	40	40	40	40	40	40	40	40	40	40	40	40	40	40	40	40	40	40	40	40
30	30	30	30	30	30	30	30	30	30	30	30	30	30	30	30	30	30	30	30	30	30	30	30	30	30	30	30	30	30	30	30	30	30	30	30	30	30	30	30	30	30	30	30	30	30	30	30	30	30	30	30	30	30	30	30	30	30	30	30	30	30	30	30	30	30	30	30	30	30	30	30	30	30	30	30	30	30	30	30	30	30	30	30	30	30	30	30	30	30	30	30	30	30	30	30
40	40	40	40	40	40	40	40	40	40	40	40	40	40	40	40	40	40	40	40	40	40	40	40	40	40	40	40	40	40	40	40	40	40	40	40	40	40	40	40	40	40	40	40	40	40	40	40	40	40	40	40	40	40	40	40	40	40	40	40	40	40	40	40	40	40	40	40	40	40	40	40	40	40	40	40	40	40	40	40	40	40	40	40	40	40	40	40	40	40	40	40	40	40	40	40
100	100	100	100	100	100	100	100	100	100	100	100	100	100	100	100	100	100	100	100	100	100	100	100	100	100	100	100	100	100	100	100	100	100	100	100	100	100	100	100	100	100	100	100	100	100	100	100	100	100	100	100	100	100	100	100	100	100	100	100	100	100	100	100	100	100	100	100	100	100	100	100	100	100	100	100	100	100	100	100	100	100	100	100	100	100	100	100	100	100	100	100	100	100	100	100
100	100	100	100	100	100	100	100	100	100	100	100	100	100	100	100	100	100	100	100	100	100	100	100	100	100	100	100	100	100	100	100	100	100	100	100	100	100	100	100	100	100	100	100	100	100	100	100	100	100	100	100	100	100	100	100	100	100	100	100	100	100	100	100	100	100	100	100	100	100	100	100	100	100	100	100	100	100	100	100	100	100	100	100	100	100	100	100	100	100	100	100	100	100	100	100
100	100	100	100	100	100	100	100	100	100	100	100	100	100	100	100	100	100	100	100	100	100	100	100	100	100	100	100	100	100	100	100	100	100	100	100	100	100	100	100	100	100	100	100	100	100	100	100	100	100	100	100	100	100	100	100	100	100	100	100	100	100	100	100	100	100	100	100	100	100	100	100	100	100	100	100	100	100	100	100	100	100	100	100	100	100	100	100	100	100	100	100	100	100	100	100
80	80	80	80	80	80	80	80	80	80	80	80	80	80	80	80	80	80	80	80	80	80	80	80	80	80	80	80	80	80	80	80	80	80	80	80	80	80	80	80	80	80	80	80	80	80	80	80	80	80	80	80	80	80	80	80	80	80	80	80	80	80	80	80	80	80	80	80	80	80	80	80	80	80	80	80	80	80	80	80	80	80	80	80	80	80	80	80	80	80	80	80	80	80	80	80
80	80	80	80	80	80	80	80	80	80	80	80	80	80	80	80	80	80	80	80	80	80	80	80	80	80	80	80	80	80	80	80	80	80	80	80	80	80	80	80	80	80	80	80	80	80	80	80	80	80	80	80	80	80	80	80	80	80	80	80	80	80	80	80	80	80	80	80	80	80	80	80	80	80	80	80	80	80	80	80	80	80	80	80	80	80	80	80	80	80	80	80	80	80	80	80
80	80	80	80	80	80	80	80	80	80	80	80	80	80	80	80	80	80	80	80	80	80	80	80	80	80	80	80	80	80	80	80	80	80	80	80	80	80	80	80	80	80	80	80	80	80	80	80	80	80	80	80	80	80	80	80	80	80	80	80	80	80	80	80	80	80	80	80	80	80	80	80	80	80	80	80	80	80	80	80	80	80	80	80	80	80	80	80	80	80	80	80	80	80	80	80
113	113	113	113	113	113	113	113	113	113	113	113	113	113	113	113	113	113	113	113	113	113	113	113	113	113	113	113	113	113	113	113	113	113	113	113	107	107	107	107	107	107	107	107	107	107	107	107	107	107	107	107	107	107	107	107	107	107	107	107	107	107	107	107	107	107	107	107	115	115	115	115	115	115	115	115	115	115	115	115	115	115	115	115	115	115	115	115	115	115	115	115	115	115	115	115
113	113	113	113	113	113	113	113	113	113	113	113	113	113	113	113	113	113	113	113	113	113	113	113	113	113	113	113	113	113	113	113	113	113	113	113	107	107	107	107	107	107	107	107	107	107	107	107	107	107	107	107	107	107	107	107	107	107	107	107	107	107	107	107	107	107	107	107	115	115	115	115	115	115	115	115	115	115	115	115	115	115	115	115	115	115	115	115	115	115	115	115	115	115	115	115
113	113	113	113	113	113	113	113	113	113	113	113	113	113	113	113	113	113	113	113	113	113	113	113	113	113	113	113	113	113	113	113	113	113	113	113	107	107	107	107	107	107	107	107	107	107	107	107	107	107	107	107	107	107	107	107	107	107	107	107	107	107	107	107	107	107	107	107	115	115	115	115	115	115	115	115	115	115	115	115	115	115	115	115	115	115	115	115	115	115	115	115	115	115	115	115
2	2	2	2	2	2	2	2	2	2	2	2	2	2	2	2	2	2	2	2	2	2	2	2	2	2	2	2	2	2	2	2	2	2	2	2	2	2	2	2	2	2	2	2	2	2	2	2	2	2	2	2	2	2	2	2	2	2	2	2	2	2	2	2	2	2	2	2	2	2	2	2	2	2	2	2	2	2	2	2	2	2	2	2	2	2	2	2	2	2	2	2	2	2	2	2
2	2	2	2	2	2	2	2	2	2	2	2	2	2	2	2	2	2	2	2	2	2	2	2	2	2	2	2	2	2	2	2	2	2	2	2	2	2	2	2	2	2	2	2	2	2	2	2	2	2	2	2	2	2	2	2	2	2	2	2	2	2	2	2	2	2	2	2	2	2	2	2	2	2	2	2	2	2	2	2	2	2	2	2	2	2	2	2	2	2	2	2	2	2	2	2
2	2	2	2	2	2	2	2	2	2	2	2	2	2	2	2	2	2	2	2	2	2	2	2	2	2	2	2	2	2	2	2	2	2	2	2	2	2	2	2	2	2	2	2	2	2	2	2	2	2	2	2	2	2	2	2	2	2	2	2	2	2	2	2	2	2	2	2	2	2	2	2	2	2	2	2	2	2	2	2	2	2	2	2	2	2	2	2	2	2	2	2	2	2	2	2
2	2	2	2	2	2	2	2	2	2	2	2	2	2	2	2	2	2	2	2	2	2	2	2	2	2	2	2	2	2	2	2	2	2	2	2	2	2	2	2	2	2	2	2	2	2	2	2	2	2	2	2	2	2	2	2	2	2	2	2	2	2	2	2	2	2	2	2	2	2	2	2	2	2	2	2	2	2	2	2	2	2	2	2	2	2	2	2	2	2	2	2	2	2	2	2
2	2	2	2	2	2	2	2	2	2	2	2	2	2	2	2	2	2	2	2	2	2	2	2	2	2	2	2	2	2	2	2	2	2	2	2	2	2	2	2	2	2	2	2	2	2	2	2	2	2	2	2	2	2	2	2	2	2	2	2	2	2	2	2	2	2	2	2	2	2	2	2	2	2	2	2	2	2	2	2	2	2	2	2	2	2	2	2	2	2	2	2	2	2	2	2
35	35	35	35	34	34	34	34	34	34	34	34	33	33	33	33	33	33	33	33	33	33	33	33	33	33	33	33	35	35	35	35	35	35	35	35	35	35	35	35	38	38	38	38	42	42	42	42	32	32	32	32	28	28	28	28	28	28	28	28	28	28	28	28	28	28	28	28	28	28	28	28	45	45	45	45	49	49	49	49	48	48	48	48	48	48	48	48	44	44	44	44	43	43	43	43
35	35	35	35	34	34	34	34	34	34	34	34	33	33	33	33	33	33	33	33	33	33	33	33	33	33	33	33	35	35	35	35	35	35	35	35	35	35	35	35	38	38	38	38	42	42	42	42	32	32	32	32	28	28	28	28	28	28	28	28	28	28	28	28	28	28	28	28	28	28	28	28	45	45	45	45	49	49	49	49	48	48	48	48	48	48	48	48	44	44	44	44	43	43	43	43
35	35	35	35	34	34	34	34	34	34	34	34	33	33	33	33	33	33	33	33	33	33	33	33	33	33	33	33	35	35	35	35	35	35	35	35	35	35	35	35	38	38	38	38	42	42	42	42	32	32	32	32	28	28	28	28	28	28	28	28	28	28	28	28	28	28	28	28	28	28	28	28	45	45	45	45	49	49	49	49	48	48	48	48	48	48	48	48	44	44	44	44	43	43	43	43
19	19	19	19	19	19	19	19	19	19	19	19	19	19	19	19	19	19	18	18	18	18	18	18	18	18	19	18	18	19	19	18	19	18	19	19	19	19	19	19	28	33	32	33	32	32	32	32	32	32	32	31	32	32	32	31	32	32	32	32	32	32	32	32	32	30	30	30	32	33	33	33	33	28	28	28	29	32	32	32	32	32	32	32	32	32	32	32	32	27	29	28	28	28	19	19
20	20	20	20	20	19	20	20	0	0	0	0	0	0	0	0	0	0	0	0	0	0	0	0	0	0	0	0	0	0	0	0	0	0	0	0	0	0	0	0	0	0	0	0	0	0	0	0	0	0	0	0	0	0	0	0	0	0	0	0	0	0	0	0	0	0	0	0	0	0	0	0	0	0	0	0	0	0	0	0	0	0	0	0	0	0	0	0	0	0	0	0	0	0	0	0
30	30	30	30	30	30	30	30	33	33	33	33	33	33	33	33	33	32	27	29	29	29	16	16	16	17	17	17	17	17	17	17	17	17	17	17	29	29	29	29	29	33	14	14	30	27	27	27	28	28	28	28	28	28	28	28	17	17	17	17	17	17	12	11	11	28	28	28	30	30	30	30	30	28	28	28	28	30	30	30	30	30	30	30	31	32	32	32	32	27	26	26	26	26	21	30
0	0	0	0	0	0	0	0	0	0	0	0	0	0	0	0	0	0	0	0	0	0	0	0	0	0	0	0	0	0	0	0	0	0	0	0	0	0	0	0	0	3	29	29	29	33	33	33	33	32	32	32	32	32	32	32	32	32	32	33	33	33	33	33	33	32	32	32	28	28	27	27	27	28	28	28	28	27	27	27	27	27	27	27	29	28	28	28	28	28	28	28	28	28	28	0
19	19	19	19	19	19	19	19	19	19	19	19	19	19	19	19	19	19	19	19	19	19	19	19	19	19	19	19	17	17	17	17	17	17	17	17	28	28	28	28	28	33	27	27	27	29	29	29	29	29	29	29	29	29	29	29	19	19	19	18	18	18	12	12	12	28	29	29	29	29	29	29	29	29	29	29	29	29	29	29	29	29	29	29	29	29	28	28	29	26	26	26	26	26	26	19
19	19	19	19	19	19	19	19	0	0	0	0	0	0	0	0	0	0	0	0	0	0	0	0	0	0	0	0	0	0	0	0	0	0	0	0	0	0	0	0	0	2	15	15	30	30	30	30	30	30	30	30	30	30	30	30	30	33	33	33	33	33	33	33	33	31	30	30	30	30	31	29	29	26	26	26	29	28	28	28	27	28	28	28	27	31	30	30	30	27	27	26	26	26	22	0
0	0	0	0	0	0	0	0	0	0	0	0	0	0	0	0	0	0	0	0	0	0	0	0	0	0	0	0	0	0	0	0	0	0	0	0	0	0	0	0	0	0	0	0	0	0	0	0	0	0	0	0	0	0	0	0	0	0	0	0	0	0	0	0	0	0	0	0	0	0	0	0	0	0	0	0	0	0	0	0	0	0	0	0	0	0	0	0	0	0	0	0	0	0	0	0
29	29	29	29	29	29	29	29	33	32	33	33	33	33	33	33	33	30	28	28	28	28	17	16	17	18	18	18	29	29	29	29	29	29	29	29	28	28	28	28	28	33	33	32	32	32	32	32	32	32	32	32	32	32	32	32	32	32	32	32	32	32	32	32	32	32	32	32	32	32	32	32	32	26	29	29	30	31	31	31	31	31	31	31	31	31	31	31	31	31	31	31	31	31	27	31
1	1	1	1	1	1	1	1	1	1	1	1	1	1	1	1	1	1	1	1	5	5	5	5	5	5	5	5	5	5	5	5	5	5	5	5	5	5	5	5	5	5	5	5	0	0	0	0	0	0	0	0	0	0	0	0	0	0	0	0	0	0	0	0	0	0	0	0	0	0	0	0	0	0	0	0	0	0	0	0	45	45	45	46	46	46	46	46	46	46	46	46	46	46	41	32
29	29	29	29	29	29	29	32	36	35	36	36	35	35	36	35	35	35	35	35	10	10	10	10	10	10	10	10	10	10	10	10	10	30	30	30	30	30	30	30	11	10	11	11	0	0	0	0	0	0	0	0	0	0	0	0	0	0	0	0	0	0	0	0	0	0	0	0	0	0	0	0	0	0	0	0	0	0	0	0	45	46	46	46	46	46	46	46	46	46	46	46	46	46	40	31
50	50	50	50	50	50	50	50	45	45	45	45	45	44	45	44	44	44	44	44	45	45	45	45	45	45	45	45	45	45	45	45	45	45	45	45	45	45	45	45	46	45	45	46	0	0	0	0	0	0	0	0	0	0	0	0	0	0	0	0	0	0	0	0	0	0	0	0	0	0	0	0	0	0	0	0	0	0	0	0	44	44	44	44	45	45	45	45	45	45	45	45	45	45	50	50
0	0	0	0	0	0	0	0	0	0	0	0	0	0	0	0	0	0	0	0	0	0	0	0	0	0	0	0	39	61	44	53	106	74	47	42	41	39	0	0	0	0	0	0	0	0	0	0	0	0	0	0	0	0	0	0	0	0	0	0	0	0	0	0	0	0	0	0	0	0	0	0	39	54	42	0	0	0	0	0	0	0	0	0	0	0	0	0	0	0	0	0	0	0	0	0
10	9	10	26	10	22	26	9	34	26	52	71	43	40	32	38	10	16	10	10	9	9	22	43	29	20	47	37	11	28	29	18	100	54	16	20	10	9	10	10	9	28	23	9	10	23	19	10	10	9	9	11	20	60	9	20	35	89	97	37	108	106	104	107	103	107	97	85	109	107	86	105	54	50	13	81	64	77	91	72	80	106	58	91	89	98	106	23	39	11	12	10	10	9	9	9
0	0	0	0	0	0	0	0	0	0	0	0	0	0	0	0	0	0	0	0	0	0	0	0	0	0	0	0	0	0	0	0	0	0	0	0	0	0	0	0	0	0	0	0	0	0	0	0	0	0	0	0	0	0	0	0	0	0	0	0	0	0	0	0	0	0	0	0	0	0	0	0	0	0	0	0	0	0	0	0	0	0	0	0	0	0	0	0	0	0	0	0	0	0	0	0
24	24	24	24	24	24	24	24	24	24	24	24	24	24	24	24	24	24	24	24	24	24	24	24	24	24	24	24	24	24	24	24	24	24	24	24	24	24	24	24	24	24	24	24	24	24	24	24	24	25	25	25	25	25	24	25	24	24	24	24	24	24	24	24	24	24	24	24	24	24	24	24	24	24	24	24	24	24	24	24	24	24	24	24	24	24	24	24	24	24	24	24	24	24	24	24
24	24	24	24	24	24	24	24	24	24	24	24	24	24	24	24	24	24	24	24	24	24	24	24	24	24	24	24	24	24	24	24	24	24	24	24	24	24	24	24	24	24	24	24	24	24	24	24	24	23	23	23	23	23	24	23	24	24	24	24	24	24	24	24	24	24	24	24	24	24	24	24	24	24	24	24	24	24	24	24	24	24	24	24	24	24	24	24	24	24	24	24	24	24	24	24
0	0	0	0	0	0	0	0	0	0	0	0	0	0	0	0	0	0	0	0	0	0	0	0	0	0	0	0	0	0	0	0	0	0	0	0	0	0	0	0	0	0	0	0	0	0	0	0	0	0	0	0	0	0	0	0	0	0	0	0	0	0	0	0	0	0	0	0	0	0	0	0	0	0	0	0	0	0	0	0	0	0	0	0	0	0	0	0	0	0	0	0	0	0	0	0
11	12	12	25	12	23	42	15	51	56	42	22	61	37	29	54	13	16	13	13	12	12	22	28	22	27	61	41	13	26	25	27	72	56	12	12	12	11	13	13	11	13	14	18	12	12	34	12	12	12	12	13	19	27	14	11	14	15	24	27	57	113	112	92	58	18	12	12	11	12	11	11	11	11	11	11	12	11	11	11	17	12	27	60	84	89	75	48	31	12	15	19	11	12	12	11
0	0	0	0	0	0	0	0	0	0	0	0	0	0	0	0	0	0	0	0	0	0	0	0	0	0	0	0	0	0	0	0	0	0	0	0	0	0	0	0	0	0	0	0	0	0	0	0	0	0	0	0	0	0	0	0	0	0	0	0	0	0	0	0	0	0	0	0	0	0	0	0	0	0	0	0	0	0	0	0	0	0	0	0	0	0	0	0	0	0	0	0	0	0	0	0
10	10	10	29	10	38	61	10	57	73	65	38	68	50	38	52	10	16	12	11	11	12	22	31	35	32	88	66	12	27	26	24	81	78	12	10	12	10	18	12	11	15	12	20	11	31	29	13	12	12	12	10	21	36	10	11	16	15	27	24	49	41	41	48	55	21	10	9	10	9	10	10	10	10	10	9	10	10	10	10	19	10	22	64	63	72	62	34	35	12	17	13	10	11	11	11
0	0	0	0	0	0	0	0	0	0	0	0	0	0	0	0	0	0	0	0	0	0	0	0	0	0	0	0	0	0	0	0	0	0	0	0	0	0	0	0	0	0	0	0	0	0	0	0	0	0	0	0	0	0	0	0	0	0	0	0	0	0	0	0	0	0	0	0	0	0	0	0	0	0	0	0	0	0	0	0	0	0	0	0	0	0	0	0	0	0	0	0	0	0	0	0
60	60	60	60	60	60	60	60	60	60	60	60	60	60	60	60	60	60	60	60	60	60	60	60	60	60	60	60	60	60	60	60	60	60	60	60	60	60	60	60	60	60	60	60	60	60	60	60	60	60	60	60	60	60	60	60	60	60	60	60	60	60	60	60	60	60	60	60	60	60	60	60	60	60	60	60	60	60	60	60	60	60	60	60	60	60	60	60	60	60	60	60	60	60	60	60
0	0	0	0	0	0	0	0	0	0	0	0	0	0	0	0	0	0	0	0	0	0	0	0	0	0	0	0	0	0	0	0	0	0	0	0	0	0	0	0	0	0	0	0	0	0	0	0	0	0	0	0	0	0	0	0	0	0	0	0	0	0	0	0	0	0	0	0	0	0	0	0	0	0	0	0	0	0	0	0	0	0	0	0	0	0	0	0	0	0	0	0	0	0	0	0
60	60	60	60	60	60	60	60	60	60	60	60	60	60	60	60	60	60	60	60	60	60	60	60	60	60	60	60	60	60	60	60	60	60	60	60	60	60	60	60	60	60	60	60	60	60	60	60	60	60	60	60	60	60	60	60	60	60	60	60	60	60	60	60	60	60	60	60	60	60	60	60	60	60	60	60	60	60	60	60	60	60	60	60	60	60	60	60	60	60	60	60	60	60	60	60
30	30	30	30	30	30	30	30	30	30	30	30	30	30	30	30	30	30	30	30	30	30	30	30	30	30	30	30	30	30	30	30	30	30	30	30	30	30	30	30	30	30	30	30	30	30	30	30	30	30	30	30	30	30	30	30	30	30	30	30	30	30	30	30	30	30	30	30	30	30	30	30	30	30	30	30	30	30	30	30	30	30	30	30	30	30	30	30	30	30	30	30	30	30	30	30
25	25	25	25	25	25	25	25	25	25	25	25	25	25	25	25	25	25	25	25	25	25	25	25	25	25	25	25	25	25	25	25	25	25	25	25	25	25	25	25	25	25	25	25	25	25	25	25	25	25	25	25	25	25	25	25	25	25	25	25	25	25	25	25	25	25	25	25	25	25	25	25	25	25	25	25	25	25	25	25	25	25	25	25	25	25	25	25	25	25	25	25	25	25	25	25
0	0	0	0	0	0	0	0	0	0	0	0	0	0	0	0	0	0	0	0	0	0	0	0	0	0	0	0	0	0	0	0	0	0	0	0	0	0	0	0	0	0	0	0	0	0	0	0	0	0	0	0	0	0	0	0	0	0	0	0	0	0	0	0	0	0	0	0	0	0	0	0	0	0	0	0	0	0	0	0	0	0	0	0	0	0	0	0	0	0	0	0	0	0	0	0
39	39	39	39	39	39	39	39	39	39	39	39	39	39	39	39	39	39	39	39	39	39	39	39	39	39	39	39	39	39	39	39	39	39	39	38	39	39	39	39	39	39	39	39	39	39	39	39	39	39	39	39	39	39	39	39	39	39	39	39	39	39	39	39	39	39	39	39	39	39	39	39	39	39	39	39	39	39	39	39	39	36	37	37	37	37	37	37	37	37	37	37	37	37	37	37
38	38	38	38	38	38	38	38	38	38	38	38	38	38	38	38	38	38	38	38	38	38	38	38	38	38	38	38	38	38	38	38	38	38	38	38	38	38	38	38	38	38	38	38	38	38	38	38	38	38	38	38	38	38	38	38	38	38	38	38	38	38	38	38	38	38	38	38	38	38	38	38	38	38	38	38	38	38	38	38	38	36	36	36	36	36	36	36	36	36	36	36	36	36	36	36
0	0	0	0	0	0	0	0	0	0	0	0	0	0	0	0	0	0	0	0	0	0	0	0	0	0	0	0	0	0	0	0	0	0	0	0	0	0	0	0	0	0	0	0	0	0	0	0	0	0	0	0	0	0	0	0	0	0	0	0	0	0	0	0	0	0	0	0	0	0	0	0	0	0	0	0	0	0	0	0	0	0	0	0	0	0	0	0	0	0	0	0	0	0	0	0
0	0	0	0	0	0	0	0	0	0	0	0	0	0	0	0	0	0	0	0	0	0	0	0	0	0	0	0	0	0	0	0	0	0	0	0	0	0	0	0	0	0	0	0	0	0	0	0	0	0	0	0	0	0	0	0	0	0	0	0	0	0	0	0	0	0	0	0	0	0	0	0	0	0	0	0	0	0	0	0	0	0	0	0	0	0	0	0	0	0	0	0	0	0	0	0
0	0	0	0	0	0	0	0	0	0	0	0	0	0	0	0	0	0	0	0	0	0	0	0	0	0	0	0	0	0	0	0	0	0	0	0	0	0	0	0	0	0	0	0	0	0	0	0	0	0	0	0	0	0	0	0	0	0	0	0	0	0	0	0	0	0	0	0	0	0	0	0	0	0	0	0	0	0	0	0	0	0	0	0	0	0	0	0	0	0	0	0	0	0	0	0
25	25	25	25	25	25	25	25	21	20	20	20	20	20	20	20	20	17	16	16	16	16	16	16	16	16	16	16	16	16	16	18	25	25	25	25	25	25	25	23	22	23	23	22	22	22	22	23	22	22	22	22	22	22	22	22	22	22	22	22	22	22	22	22	22	22	22	22	22	22	22	22	22	22	22	22	22	22	24	24	25	25	25	25	25	25	25	25	25	25	25	25	25	25	25	25
0	0	0	0	0	0	0	0	0	0	0	0	0	0	0	0	0	0	0	0	0	0	0	0	0	0	0	0	0	0	0	0	0	0	0	0	0	0	0	0	0	0	0	0	0	0	0	0	0	0	0	0	0	0	0	0	0	0	0	0	0	0	0	0	0	0	0	0	0	0	0	0	0	0	0	0	0	0	0	0	0	0	0	0	0	0	0	0	0	0	0	0	0	0	0	0
30	30	31	31	31	31	31	31	21	20	20	20	20	20	20	20	20	16	15	15	15	15	16	15	15	15	15	15	15	15	15	16	26	26	26	26	26	26	26	22	23	22	22	22	22	22	22	22	22	22	22	22	22	22	22	22	22	22	22	22	22	22	22	22	22	22	22	22	22	22	22	22	22	22	22	22	22	22	22	22	22	30	30	30	30	30	30	30	30	30	30	31	30	31	31	31
0	0	0	0	0	0	0	0	0	0	0	0	0	0	0	0	0	0	0	0	0	0	0	0	0	0	0	0	0	0	0	0	0	0	0	0	0	0	0	0	0	0	0	0	0	0	0	0	0	0	0	0	0	0	0	0	0	0	0	0	0	0	0	0	0	0	0	0	0	0	0	0	0	0	0	0	0	0	0	0	0	0	0	0	0	0	0	0	0	0	0	0	0	0	0	0
250	250	250	250	250	250	250	250	250	250	250	250	250	250	250	250	250	250	250	250	250	250	250	250	250	250	250	250	250	250	250	250	250	250	250	250	250	250	250	250	250	250	250	250	250	250	250	250	250	250	250	250	250	250	250	250	250	250	250	250	250	250	250	250	250	250	250	250	250	250	250	250	250	250	250	250	250	250	250	250	250	250	250	250	250	250	250	250	250	250	250	250	250	250	250	250
250	250	250	250	250	250	250	250	250	250	250	250	250	250	250	250	250	250	250	250	250	250	250	250	250	250	250	250	250	250	250	250	250	250	250	250	250	250	250	250	250	250	250	250	250	250	250	250	250	250	250	250	250	250	250	250	250	250	250	250	250	250	250	250	250	250	250	250	250	250	250	250	250	250	250	250	250	250	250	250	250	250	250	250	250	250	250	250	250	250	250	250	250	250	250	250
41	41	41	41	23	23	23	23	22	22	22	22	22	23	23	22	22	22	22	22	23	22	22	23	23	22	22	22	22	22	22	23	22	22	22	22	22	22	22	22	22	22	22	22	22	22	22	22	22	22	22	22	22	22	22	22	22	22	22	22	22	22	22	22	22	22	22	22	22	22	22	22	22	22	22	22	22	39	39	39	39	39	39	39	39	39	39	39	39	39	39	21	22	22	22	22
0	0	0	0	0	0	0	0	0	0	0	0	0	0	0	0	0	0	0	0	0	0	0	0	0	0	0	0	0	0	0	0	0	0	0	0	0	0	0	0	0	0	0	0	0	0	0	0	0	0	0	0	0	0	0	0	0	0	0	0	0	0	0	0	0	0	0	0	0	0	0	0	0	0	0	0	0	10	12	12	12	12	12	12	12	12	12	12	12	12	12	0	0	0	0	0
0	0	0	0	0	0	0	0	0	0	0	0	0	0	0	0	0	0	0	0	0	0	0	0	0	0	0	0	0	0	0	0	0	0	0	0	0	0	0	0	0	0	0	0	0	0	0	0	0	0	0	0	0	0	0	0	0	0	0	0	0	0	0	0	0	0	0	0	0	0	0	0	0	0	0	0	0	0	0	0	0	0	0	0	0	0	0	0	0	0	0	0	0	0	0	0
0	0	0	0	0	0	0	0	0	0	0	0	0	0	0	0	0	0	0	0	0	0	0	0	0	0	0	0	0	0	0	0	0	0	0	0	0	0	0	0	0	0	0	0	0	0	0	0	0	0	0	0	0	0	0	0	0	0	0	0	0	0	0	0	0	0	0	0	0	76	83	83	48	65	51	47	45	48	51	82	82	48	48	48	55	55	54	49	46	47	47	47	47	46	46	46
0	0	0	0	0	0	0	0	0	0	0	0	0	0	0	0	0	0	0	0	0	0	0	0	0	0	0	64	47	84	64	73	90	58	52	54	51	41	47	47	49	81	62	62	62	62	62	62	62	62	62	62	62	62	62	62	61	62	86	72	88	90	90	90	89	90	70	90	90	90	83	83	48	63	50	45	44	49	53	82	82	46	47	46	54	54	54	50	0	0	0	0	0	0	0	0
36	36	36	36	36	36	36	36	36	36	36	36	36	36	36	36	36	36	36	36	36	36	36	36	36	36	36	36	36	36	36	36	36	36	36	36	36	36	36	36	36	36	36	36	36	36	36	36	36	36	36	36	36	36	36	36	36	36	36	36	35	36	36	36	36	36	36	36	36	36	36	36	36	36	36	36	36	36	36	36	36	36	36	36	36	36	36	36	36	36	36	36	36	36	36	35
0	0	0	0	0	0	0	0	0	0	0	0	0	0	0	0	0	0	0	0	0	0	0	0	0	0	0	0	0	0	0	0	0	0	0	0	0	0	0	0	0	0	0	0	0	0	0	0	0	0	0	0	0	0	0	0	0	0	0	0	0	0	0	0	0	0	0	0	0	0	0	0	0	0	0	0	0	0	0	0	0	0	0	0	0	0	0	0	0	0	0	0	0	0	0	0
15	15	15	15	15	15	15	15	15	15	15	15	15	15	15	15	15	15	15	15	15	15	15	15	15	15	15	15	15	15	15	15	15	15	15	15	15	15	15	15	15	15	15	15	15	15	15	15	15	15	15	15	15	15	15	15	15	15	15	15	15	15	15	15	15	15	15	15	15	15	15	15	15	15	15	15	15	15	15	15	15	15	15	15	15	15	15	15	15	15	15	15	15	15	15	15
0	0	0	0	0	0	0	0	0	0	0	0	0	0	0	0	0	0	0	0	0	0	0	0	0	0	0	0	0	0	0	0	0	0	0	0	0	0	0	0	0	0	0	0	0	0	0	0	0	0	0	0	0	0	0	0	0	0	0	0	0	0	0	0	0	0	0	0	0	0	0	0	0	0	0	0	0	0	0	0	0	0	0	0	0	0	0	0	0	0	0	0	0	0	0	0
0	0	0	0	0	0	0	0	0	0	0	0	0	0	0	0	0	0	0	0	0	0	0	0	0	0	0	0	0	0	0	0	0	0	0	0	0	0	0	0	0	0	0	0	0	0	0	0	0	0	0	0	0	0	0	0	0	0	0	0	0	0	0	0	0	0	0	0	0	0	0	0	0	0	0	0	0	0	0	0	0	0	0	0	0	0	0	0	0	0	0	0	0	0	0	0
15	15	15	15	15	15	15	15	15	15	15	15	15	15	15	15	15	15	15	15	15	15	15	15	15	15	15	15	15	15	15	15	15	15	15	15	15	15	15	15	15	15	15	15	15	15	15	15	15	15	15	15	15	15	15	15	15	15	15	15	15	15	15	15	15	15	15	15	15	15	15	15	15	15	15	15	15	15	15	15	15	15	15	15	15	15	15	15	15	15	15	15	15	15	15	15
25	25	25	25	25	25	25	25	25	25	25	25	25	25	25	24	25	25	24	24	24	24	25	25	25	25	24	25	24	25	25	25	25	25	25	24	25	25	25	25	24	25	25	25	24	24	25	24	24	25	24	24	25	24	24	24	25	25	24	24	24	25	25	24	25	25	25	25	25	25	25	25	25	25	25	25	25	25	25	25	24	25	24	25	25	25	25	25	25	25	25	25	25	24	25	24
0	0	0	0	0	0	0	0	0	0	0	0	0	0	0	0	0	0	0	0	0	0	0	0	0	0	0	0	0	0	0	0	0	0	0	0	0	0	0	0	0	0	0	0	0	0	0	0	0	0	0	0	0	0	0	0	0	0	0	0	0	0	0	0	0	0	0	0	0	0	0	0	0	0	0	0	0	0	0	0	0	0	0	0	0	0	0	0	0	0	0	0	0	0	0	0
-1	-1	-1	-1	-1	-1	-1	-1	-1	-1	-1	-1	-1	-1	-1	-1	-1	-1	-1	-1	-1	-1	-1	-1	-1	-1	-1	-1	-1	-1	-1	-1	-1	-1	-1	-1	-1	-1	-1	-1	-1	-1	-1	-1	-1	-1	-1	-1	-1	-1	-1	-1	-1	-1	-1	-1	-1	-1	-1	-1	-1	-1	-1	-1	-1	-1	-1	-1	-1	-1	-1	-1	-1	-1	-1	-1	-1	-1	-1	-1	-1	-1	-1	-1	-1	-1	-1	-1	-1	-1	-1	-1	-1	-1	-1	-1
0	0	0	0	0	0	0	0	0	0	0	0	0	0	0	0	0	0	0	0	0	0	0	0	0	0	0	0	0	0	0	0	0	0	0	0	0	0	0	0	0	0	0	0	0	0	0	0	0	0	0	0	0	0	0	0	0	0	0	0	0	0	0	0	0	0	0	0	0	0	0	0	0	0	0	0	0	0	0	0	0	0	0	0	0	0	0	0	0	0	0	0	0	0	0	0
0	0	0	0	0	0	0	0	0	0	0	0	0	0	0	0	0	0	0	0	0	0	0	0	0	0	0	0	0	0	0	0	0	0	0	0	0	0	0	0	0	0	0	0	0	0	0	0	0	0	0	0	0	0	0	0	0	0	0	0	0	0	0	0	0	0	0	0	0	0	0	0	0	0	0	0	0	0	0	0	0	0	0	0	0	0	0	0	0	0	0	0	0	0	0	0
20	21	21	21	21	21	21	21	21	21	21	21	21	21	21	21	21	11	11	11	11	11	11	11	11	11	11	11	11	11	11	21	21	21	21	21	21	21	21	21	21	21	21	21	21	21	21	21	21	21	21	21	21	21	21	21	21	21	21	21	21	21	21	21	21	21	21	21	21	21	21	21	21	21	21	21	50	50	50	50	50	50	50	50	50	50	50	50	66	66	66	51	51	51	31	21
0	0	0	0	0	0	0	0	0	0	0	0	0	0	0	0	0	0	0	0	0	0	0	0	0	0	0	0	0	0	0	0	0	0	0	0	0	0	0	0	0	0	0	0	0	0	0	0	0	0	0	0	0	0	0	0	0	0	0	0	0	0	0	0	0	0	0	0	0	0	0	0	0	0	0	0	0	0	0	0	0	0	0	0	0	0	0	0	0	0	0	0	0	0	0	0
0	0	0	0	0	0	0	0	0	0	0	0	0	0	0	0	0	0	0	0	0	0	0	0	0	0	0	0	0	0	0	0	0	0	0	0	0	0	0	0	0	0	0	0	0	0	0	0	0	0	0	0	0	0	0	0	0	0	0	0	0	0	0	0	0	0	0	0	0	0	0	0	0	0	0	0	0	0	0	0	0	0	0	0	0	0	0	0	0	0	0	0	0	0	0	0
35	35	35	35	35	35	35	35	35	35	35	35	32	32	32	32	32	32	32	32	32	32	32	32	32	30	30	30	30	30	30	30	30	30	60	60	60	60	60	60	60	55	55	55	55	55	55	53	53	53	53	53	53	53	53	53	53	53	53	53	53	50	50	50	50	50	50	45	41	42	38	38	38	35	35	35	37	37	37	37	37	37	37	37	37	37	37	37	37	37	37	37	37	37	37	37
0	0	0	0	0	0	0	0	0	0	0	0	0	0	0	0	0	0	0	0	0	0	0	0	0	0	0	0	0	0	0	0	0	0	0	0	0	0	0	0	0	0	0	0	0	0	0	0	0	0	0	0	0	0	0	0	0	0	0	0	0	0	0	0	0	0	0	0	0	0	0	0	0	0	0	0	0	0	0	0	0	0	0	0	0	0	0	0	0	0	0	0	0	0	0	0
40	40	40	40	40	40	40	40	40	40	40	35	35	35	35	35	35	35	35	32	32	32	32	32	32	30	31	31	30	31	31	31	31	30	0	0	0	0	0	0	0	0	0	0	0	0	0	0	0	0	0	0	0	0	0	0	0	0	0	0	0	0	0	0	0	0	0	0	0	0	0	0	0	0	0	0	0	0	0	0	0	0	0	0	0	0	0	0	0	0	0	0	0	0	0	0
0	0	0	0	0	0	0	0	0	0	0	0	0	0	0	0	0	0	0	0	0	0	0	0	0	0	0	0	0	0	0	0	0	0	0	0	0	0	0	0	0	0	0	0	0	0	0	0	0	0	0	0	0	0	0	0	0	0	0	0	0	0	0	0	0	0	0	0	0	0	0	0	0	0	0	0	0	0	0	0	0	0	0	0	0	0	0	0	0	0	0	0	0	0	0	0
0	0	0	0	0	0	0	0	0	0	0	0	0	0	0	0	0	0	0	0	0	0	0	0	0	0	0	0	0	0	0	0	0	0	0	0	0	0	0	0	0	0	0	0	0	0	0	0	0	0	0	0	0	0	0	0	0	0	0	0	0	0	0	0	0	0	0	0	0	0	0	0	0	0	0	0	0	0	0	0	0	0	0	0	0	0	0	0	0	0	0	0	0	0	0	0
36	36	36	36	36	10	0	0	0	0	0	0	0	0	0	0	0	0	0	0	0	0	0	0	0	0	0	0	0	0	0	0	29	29	30	29	29	31	31	31	31	31	31	31	31	31	31	31	31	31	31	31	31	31	31	31	31	31	31	31	31	31	31	31	31	31	31	31	31	31	31	31	31	31	31	31	31	31	31	31	31	31	31	31	31	32	31	31	31	31	31	31	31	31	31	32
0	0	0	0	0	0	0	0	0	0	0	0	0	0	0	0	0	0	0	0	0	0	0	0	0	0	0	0	0	0	0	0	0	0	0	0	0	0	0	0	0	0	0	0	0	0	0	0	0	0	0	0	0	0	0	0	0	0	0	0	0	0	0	0	0	0	0	0	0	0	0	0	0	0	0	0	0	0	0	0	0	0	0	0	0	0	0	0	0	0	0	0	0	0	0	0

-1417	-1417	-1417	-1417	-1417	-1417	-1417	-1417	-1417	-1417	-1417	-1417	-1417	-1417	-1417	-1417	-1667	-1667	-1667	-1667	-1667	-1667	-1867	-2017	-2017	-2017	-2017	-2017	-2017	-2017	-2017	-2017	-2017	-2017	-2017	-2017	-2017	-2017	-2017	-2017	-2017	-2017	-2017	-2017	-2017	-2017	-2017	-2017	-2017	-2017	-2017	-2017	-2017	-2017	-2017	-2017	-2017	-2017	-2017	-2017	-2017	-2017	-2017	-2017	-2017	-2017	-2017	-2017	-2017	-2017	-2017	-2017	-2017	-2017	-2017	-2017	-1867	-1717	-1567	-1417	-1417	-1417	-1417	-1417	-1417	-1417	-1417	-1417	-1417	-1417	-1417	-1667	-1667	-1667	-1667	-1667
-1417	-1417	-1417	-1417	-1417	-1417	-1417	-1417	-1417	-1417	-1417	-1417	-1417	-1417	-1417	-1417	-1667	-1667	-1667	-1667	-1667	-1667	-1867	-2017	-2017	-2017	-2017	-2017	-2017	-2017	-2017	-2017	-2017	-2017	-2017	-2017	-2017	-2017	-2017	-2017	-2017	-2017	-2017	-2017	-2017	-2017	-2017	-2017	-2017	-2017	-2017	-2017	-2017	-2017	-2017	-2017	-2017	-2017	-2017	-2017	-2017	-2017	-2017	-2017	-2017	-2017	-2017	-2017	-2017	-2017	-2017	-2017	-2017	-2017	-2017	-2017	-1867	-1717	-1567	-1417	-1417	-1417	-1417	-1417	-1417	-1417	-1417	-1417	-1417	-1417	-1417	-1667	-1667	-1667	-1667	-1667
588	588	588	588	588	588	588	588	588	588	588	588	588	588	588	588	588	588	588	588	588	588	588	588	588	588	588	588	588	588	588	588	588	588	588	588	588	588	588	588	588	588	588	588	588	588	588	588	588	588	588	588	588	588	588	588	588	588	588	588	588	588	588	588	588	588	588	588	588	588	588	588	588	588	588	588	588	588	588	588	588	588	588	588	588	588	588	588	588	588	588	588	588	588	588	588
588	588	588	588	588	588	588	588	588	588	588	588	588	588	588	588	588	588	588	588	588	588	588	588	588	588	588	588	588	588	588	588	588	588	588	588	588	588	588	588	588	588	588	588	588	588	588	588	588	588	588	588	588	588	588	588	588	588	588	588	588	588	588	588	588	588	588	588	588	588	588	588	588	588	588	588	588	588	588	588	588	588	588	588	588	588	588	588	588	588	588	588	588	588	588	588
0	0	0	0	0	0	0	0	0	0	0	0	0	0	0	0	0	0	0	0	0	0	0	0	0	0	0	0	0	0	0	0	0	0	0	0	0	0	0	0	0	0	0	0	0	0	0	0	0	0	0	0	0	0	0	0	0	0	0	0	0	0	0	0	0	0	0	0	0	0	0	0	0	0	0	0	0	0	0	0	0	0	0	0	0	0	0	0	0	0	0	0	0	0	0	0
0	0	0	0	0	0	0	0	0	0	0	0	0	0	0	0	0	0	0	0	0	0	0	0	0	0	0	0	0	0	0	0	0	0	0	0	0	0	0	0	0	0	0	0	0	0	0	0	0	0	0	0	0	0	0	0	0	0	0	0	0	0	0	0	0	0	0	0	0	0	0	0	0	0	0	0	0	0	0	0	0	0	0	0	0	0	0	0	0	0	0	0	0	0	0	0
-270	-270	-270	-270	-270	-270	-270	-270	-270	-270	-270	-270	-270	-270	-270	-270	-270	-270	-270	-270	-270	-270	-270	-270	-270	-270	-270	-270	-270	-270	-327	-385	-385	-385	-385	-385	-385	-385	-385	-385	-385	-385	-385	-385	-385	-385	-385	-385	-385	-385	-385	-385	-385	-385	-385	-385	-385	-385	-385	-385	-385	-385	-385	-385	-385	-385	-385	-385	-385	-385	-385	-385	-403	-403	-403	-403	-403	-403	-403	-403	-403	-403	-403	-403	-403	-403	-403	-403	-342	-283	-283	-283	-283	-283	-283	-283
-270	-270	-270	-270	-270	-270	-270	-270	-270	-270	-270	-270	-270	-270	-270	-270	-270	-270	-270	-270	-270	-270	-270	-270	-270	-270	-270	-270	-270	-270	-327	-385	-385	-385	-385	-385	-385	-385	-385	-385	-385	-385	-385	-385	-385	-385	-385	-385	-385	-385	-385	-385	-385	-385	-385	-385	-385	-385	-385	-385	-385	-385	-385	-385	-385	-385	-385	-385	-385	-385	-385	-385	-403	-403	-403	-403	-403	-403	-403	-403	-403	-403	-403	-403	-403	-403	-403	-403	-342	-283	-283	-283	-283	-283	-283	-283
0	0	0	0	0	0	0	0	0	0	0	0	0	0	0	0	0	0	0	0	0	0	0	0	0	0	0	0	0	0	0	0	0	0	0	0	0	0	0	0	0	0	0	0	0	0	0	0	0	0	0	0	0	0	0	0	0	0	0	0	0	0	0	0	0	0	0	0	0	0	0	0	0	0	0	0	0	0	0	0	0	0	0	0	0	0	0	0	0	0	0	0	0	0	0	0
0	0	0	0	0	0	0	0	0	0	0	0	0	0	0	0	0	0	0	0	0	0	0	0	0	0	0	0	0	0	0	0	0	0	0	0	0	0	0	0	0	0	0	0	0	0	0	0	0	0	0	0	0	0	0	0	0	0	0	0	0	0	0	0	0	0	0	0	0	0	0	0	0	0	0	0	0	0	0	0	0	0	0	0	0	0	0	0	0	0	0	0	0	0	0	0
-244	-244	-244	-244	-244	-244	-244	-244	-244	-244	-244	-244	-244	-244	-244	-244	-244	-244	-244	-244	-244	-244	-244	-244	-244	-244	-244	-244	-244	-244	-295	-348	-348	-348	-348	-348	-348	-348	-348	-348	-348	-348	-348	-348	-348	-348	-348	-348	-348	-348	-348	-348	-348	-348	-348	-348	-348	-348	-348	-348	-348	-348	-348	-348	-348	-348	-348	-348	-348	-348	-348	-348	-312	-312	-312	-312	-312	-312	-312	-312	-312	-312	-312	-312	-312	-312	-312	-312	-265	-219	-219	-219	-219	-219	-219	-219
