cycle =24
demandNum =11
lineNum =39
busNum =31
sectionNum =0
thUnitNum =16
hyUnitNum = 1
wFieldNum = 1
sPlantNum = 1

***********************网络数据****************

Thermal Unit Substation 
1  3  3  3  4  5  7  8  9  25  26  29  30  31  31  31  
Load Substation
10  11  18  19  20  25  26  27  28  30  31  
line capacity
1000  1000  1000  2000  2000  1500  1500  1200  2400  1200  1200  1000  1000  1000  1000  2000  1000  1000  1780  1780  1200  800  1200  2500  500  200  1000  1000  1000  900  1250  1250  1000  500  1200  800  600  1000  700  
up Section Cap

down Section Cap

line Section Num

line Section
***************************火电数据************************88

thminPower
300 360 360 360 300 300 240 150 100 45 90 120 150 52 60 120 
thmaxPower
1300 1560 1560 1560 1800 1800 1040 650 600 195 390 720 900 227 260 720 
thminDown
6  6  6  6  6  6  6  4  4  1  1  4  4  1  1  4  
thminUp
5  5  5  5  5  5  5  3  3  1  1  3  3  1  1  3  
thcoldUpTime
9  9  9  9  9  9  9  8  8  3  3  6  6  3  3  4  
thhotUpCost
825  650  950  960  900  750  950  550  550  30  12  625  550  30  12  440  
thcoldUpCost
2877 2110 3050 3160 3000 2850 3250 1920 1730 40 37 1805 2250 55 32 1640 
thdelta
1800 1200 1200 1200 1300 1200 700 500 500 150 300 600 750 175 200 600 
thmaxR
1000 1200 1200 1200 1500 1500 800 500 500 150 300 600 750 175 200 600 
thb
8.752  7.654  7.654  7.654  6.052  6.052  9.072  8.752  8.752  12.54  11.62  9.543  8.352  13  14.62  9.543  
thc
1013.71  1216.45  1216.45  1216.45  1403.6  1403.6  810.967  731.25  467.865  608.225  304.112  561.438  701.798  708.036  810.967  561.438  
thminFuelCost
3639.31 3971.89 3971.89 3971.89 3219.2 3219.2 2988.25 2044.05 1343.07 1172.52 1349.91 1706.6 1954.6 1384.04 1688.17 1706.6 
thmaxFuelCost
12391.3 13156.7 13156.7 13156.7 12297.2 12297.2 10245.8 6420.05 5719.07 3053.52 4835.91 7432.4 8218.6 3659.04 4612.17 7432.4 
thinitState
5	5	5	5	5	5	5	3	3	-1	-1	-4	-4	-1	-1	-4	
thinitPower
300 360 360 360 300 300 240 150 100 0 0 0 0 0 0 0 
Demand of Bus
60.048  58.584  52.728  49.8  60.048  82.032  115.416  140.616  166.968  184.56  193.344  199.2  191.88  172.824  158.184  149.4  159.648  187.488  193.344  169.896  124.512  96.672  76.176  67.368  
60.048  58.584  52.728  49.8  60.048  82.032  115.416  140.616  166.968  184.56  193.344  199.2  191.88  172.824  158.184  149.4  159.648  187.488  193.344  169.896  124.512  96.672  76.176  67.368  
903.222  881.201  793.117  749.075  903.222  1233.9  1736.05  2115.1  2511.48  2776.09  2908.22  2996.3  2886.19  2599.56  2379.35  2247.22  2401.37  2820.13  2908.22  2555.52  1872.87  1454.11  1145.81  1013.33  
90.072  87.876  79.092  74.7  90.072  123.048  173.124  210.924  250.452  276.84  290.016  298.8  287.82  259.236  237.276  224.1  239.472  281.232  290.016  254.844  186.768  145.008  114.264  101.052  
30.024  29.292  26.364  24.9  30.024  41.016  57.708  70.308  83.484  92.28  96.672  99.6  95.94  86.412  79.092  74.7  79.824  93.744  96.672  84.948  62.256  48.336  38.088  33.684  
60.048  58.584  52.728  49.8  60.048  82.032  115.416  140.616  166.968  184.56  193.344  199.2  191.88  172.824  158.184  149.4  159.648  187.488  193.344  169.896  124.512  96.672  76.176  67.368  
663.03  646.865  582.205  549.875  663.03  905.77  1274.39  1552.64  1843.61  2037.85  2134.84  2199.5  2118.68  1908.27  1746.62  1649.63  1762.78  2070.18  2134.84  1875.94  1374.82  1067.42  841.11  743.855  
155.124  151.342  136.214  128.65  155.124  211.916  298.158  363.258  431.334  476.78  499.472  514.6  495.69  446.462  408.642  385.95  412.424  484.344  499.472  438.898  321.656  249.736  196.788  174.034  
60.048  58.584  52.728  49.8  60.048  82.032  115.416  140.616  166.968  184.56  193.344  199.2  191.88  172.824  158.184  149.4  159.648  187.488  193.344  169.896  124.512  96.672  76.176  67.368  
120.096  117.168  105.456  99.6  120.096  164.064  230.832  281.232  333.936  369.12  386.688  398.4  383.76  345.648  316.368  298.8  319.296  374.976  386.688  339.792  249.024  193.344  152.352  134.736  
300.24  292.92  263.64  249  300.24  410.16  577.08  703.08  834.84  922.8  966.72  996  959.4  864.12  790.92  747  798.24  937.44  966.72  849.48  622.56  483.36  380.88  336.84  
